75284.0430088043
70715.9434900284
66634.2178239822
62953.0353307724
59615.1755571365
56592.0282764435
53826.3730354309
51303.9047207832
48991.2447347641
46835.9409952164
44861.835357666
43030.7808532715
41328.4723687172
39740.6047906876
38267.1781191826
36884.3504986763
35592.1219291687
34380.9556684494
33241.314974308
32168.4314756393
31157.5368013382
30203.8625802994
29302.6404414177
28446.7178280354
27638.478925705
26868.3869922161
26138.8262131214
25445.0282173157
24782.2246336937
24152.7996478081
23551.9848885536
22979.7803559303
22431.417678833
21906.8968572617
21403.8337056637
20922.2282240391
20460.8883196115
20021.0060851574
19589.4685001373
19184.1569561958
18790.7663400173
18411.6808371544
18048.0925403833
17696.4251713753
17357.8708229065
17031.2374022007
16716.5249092579
16412.5412513018
16118.094335556
15834.376254797
15559.002823472
15293.1661343575
15036.8661874533
14785.3346116543
14545.7239636183
14309.6895939112
14081.9998736382
13861.4627100229
13648.0781030655
13439.4618672132
13237.9981880188
13041.3028799295
12850.5680357218
12664.6015626192
12484.5955533981
12308.165822506
12137.6965554953
11970.8035668135
11808.6789492369
11650.1306099892
11496.3506418467
11346.146952033
11199.5195405483
11056.4684073925
10916.9935525656
10781.0949760675
10648.7726778984
10518.8345652819
10391.2806382179
10267.3029894829
10146.9016190767
10028.288387835
9912.65538853407
9798.21448200941
9687.9459002018
9580.65755033493
9474.56129324436
9370.84922170639
9268.92528933287
9169.38554251194
9071.63393485546
8976.26651275158
8882.68722981215
8790.89608603716
8700.89308142662
8613.27426236868
8526.84753608704
8442.20894896984
8358.76245462894
8277.1040994525
8197.23388344049
8118.55576020479
8041.66577613354
7965.96788483858
7891.46208631992
7818.74442696571
7746.62281399965
7676.28934019804
7607.74400556087
7539.79471731186
7473.03752183914
7406.87637275457
7342.50336283445
7279.32244569063
7216.14152854681
7155.34479695559
7094.54806536436
7035.53947293758
6975.63681092858
6918.11833447218
6861.493927598
6807.25370627642
6752.41743856668
6698.1772172451
6645.12908869982
6593.27305293083
6541.41701716185
6490.75307416916
6440.68517756462
6391.80937373638
6343.23159310222
6295.2498588562
6248.16219419241
6201.96859911084
6161.43744471669
6111.66757130623
6066.96409219503
6022.85665947199
5979.94131952524
5938.21807235479
5895.30273240805
5854.7715780139
5813.6443772316
5772.81519964337
5733.17811483145
5695.32916918397
5656.88417714834
5618.73720830679
5582.97442501783
5545.7215257585
5509.06467288733
5472.70584321022
5443.20154699683
5401.77632302046
5366.60958611965
5332.33691880107
5298.66029787064
5265.28170013428
5232.49914878607
5207.28242844681
5163.05974456668
5131.17126280069
5099.28278103471
5068.28836885095
5037.29395666718
5007.49163725972
4977.39129465818
4946.99292886257
4917.78665584326
4889.17642921209
4860.26817938685
4831.95597594976
4803.94179570675
4775.92761546373
4748.80750480294
4721.68739414215
4694.86530667543
4668.34124240279
4642.11520132422
4616.18718343973
4590.55718874931
4564.9271940589
4539.89324575663
4515.15732064843
4490.42139554024
4466.28151682019
4442.43966129422
4418.59780576825
4395.05397343636
4371.80816429853
4348.56235516071
4326.21061560512
4303.26282966137
4280.91109010577
4258.85737374425
4237.1016805768
4215.34598740935
4194.7823870182
4172.72867065668
4151.56902387738
4130.70740029216
4110.14379990101
4089.58019950986
4069.61264550686
4049.64509150386
4029.67753750086
4010.00800669193
3990.63649907708
3971.56301465631
3952.48953023553
3934.0120922029
3914.64058458805
3896.16314655542
3877.98373171687
3859.65530528128
3841.62490203977
3824.04153358936
3806.45816513896
3788.87479668856
3772.18549782038
3754.00608298182
3737.01876091957
3720.03143885732
3703.1931283921
3686.65284112096
3669.96354225278
3653.57226657867
3637.77703729272
3621.53477321565
3605.59053233266
3589.7953030467
3574.00007376075
3558.50286766887
3543.00566157699
3527.80647867918
3512.60729578137
3498.15317086875
3483.40102276206
3468.20183986425
3453.44969175756
3438.99556684494
3425.28649991751
3410.98138660192
3396.82528488338
3382.81819476187
3368.9601162374
3355.10203771293
3341.54198238254
3327.8329154551
3314.42187172174
3300.71280479431
